813452859	Repetition	1293	1310
813452859	Exaggeration,Minimisation	1801	1843
813452859	Repetition	1128	1147
813452859	Appeal_to_Authority	1581	1843
813452859	Loaded_Language	717	739
813452859	Repetition	1256	1268
813452859	Causal_Oversimplification	657	773
813452859	Loaded_Language	1508	1531
813452859	Bandwagon,Reductio_ad_hitlerum	1019	1112
813494037	Repetition	801	805
813494037	Name_Calling,Labeling	858	885
813494037	Repetition	1248	1254
813494037	Black-and-White_Fallacy	1269	1371
813494037	Repetition	1446	1457
813494037	Loaded_Language	1508	1531
813494037	Flag-Waving	1532	1588
813494037	Repetition	1711	1720
813494037	Repetition	1965	1979
813494037	Thought-terminating_Cliches	1944	1979
813494037	Exaggeration,Minimisation	2278	2316
813494037	Repetition	256	263
813494037	Repetition	320	338
813494037	Repetition	962	979
813494037	Loaded_Language	1423	1444
813494037	Repetition	1814	1823
813494037	Repetition	2065	2074
813494037	Repetition	3046	3057
813494037	Repetition	2905	2914
813494037	Repetition	11	18
813494037	Thought-terminating_Cliches	440	470
813494037	Repetition	2065	2073
813494037	Exaggeration,Minimisation	2125	2177
813494037	Appeal_to_fear-prejudice	2179	2277
813494037	Repetition	2223	2235
813494037	Repetition	2784	2802
813494037	Repetition	2880	2894
813494037	Repetition	1098	1116
813494037	Repetition	691	711
813494037	Appeal_to_Authority	2862	3059
813547724	Appeal_to_Authority	368	657
813547724	Repetition	673	680
813547724	Repetition	1486	1505
813547724	Bandwagon,Reductio_ad_hitlerum	1359	1442
813547724	Exaggeration,Minimisation	39	81
813547724	Exaggeration,Minimisation	241	283
813547724	Appeal_to_Authority	380	916
813547724	Repetition	1541	1549
813547724	Repetition	1537	1549
813547724	Loaded_Language	314	338
813547724	Exaggeration,Minimisation	241	283
813547724	Bandwagon,Reductio_ad_hitlerum	96	173
813547724	Flag-Waving	1009	1062
813547724	Causal_Oversimplification	1586	1706
813552066	Repetition	4361	4369
813552066	Flag-Waving	3129	3194
813552066	Exaggeration,Minimisation	4708	4757
813552066	Repetition	649	654
813552066	Repetition	4071	4074
813552066	Flag-Waving	4132	4194
813552066	Repetition	4848	4854
813552066	Bandwagon,Reductio_ad_hitlerum	4926	5011
813552066	Bandwagon,Reductio_ad_hitlerum	6423	6509
813552066	Repetition	6544	6563
813552066	Appeal_to_Authority	7145	7290
813552066	Causal_Oversimplification	2293	2407
813552066	Repetition	430	437
813552066	Repetition	920	929
813552066	Repetition	961	966
813552066	Repetition	1280	1293
813552066	Repetition	1777	1784
813552066	Repetition	1822	1837
813552066	Repetition	2245	2258
813552066	Repetition	2752	2758
813552066	Name_Calling,Labeling	3240	3266
813552066	Repetition	3482	3494
813552066	Doubt	3534	3660
813552066	Repetition	3933	3940
813552066	Repetition	3942	3948
813552066	Loaded_Language	4316	4337
813552066	Repetition	4349	4357
813552066	Repetition	4398	4404
813552066	Repetition	4443	4457
813552066	Slogans	4507	4532
813552066	Bandwagon,Reductio_ad_hitlerum	4534	4613
813552066	Repetition	5986	5999
813552066	Repetition	6274	6283
813552066	Repetition	6433	6444
813552066	Repetition	6821	6825
813552066	Loaded_Language	7511	7533
813552066	Slogans	7587	7612
813552066	Repetition	41	58
813552066	Repetition	0	13
813552066	Thought-terminating_Cliches	174	205
813552066	Repetition	213	227
813552066	Flag-Waving	443	500
813552066	Thought-terminating_Cliches	813	844
813552066	Loaded_Language	1297	1319
813552066	Exaggeration,Minimisation	1483	1528
813552066	Repetition	2172	2178
813552066	Appeal_to_Authority	1751	1883
813552066	Flag-Waving	2338	2407
813552066	Bandwagon,Reductio_ad_hitlerum	2517	2605
813552066	Thought-terminating_Cliches	2622	2653
813552066	Repetition	2661	2675
813552066	Appeal_to_Authority	2715	2857
813552066	Repetition	2898	2907
813552066	Repetition	2970	2985
813552066	Flag-Waving	3399	3462
813552066	Flag-Waving	3479	3532
813552066	Flag-Waving	3662	3728
813552066	Exaggeration,Minimisation	3929	3970
813552066	Flag-Waving	4127	4194
813552066	Bandwagon,Reductio_ad_hitlerum	4196	4282
813552066	Repetition	4274	4282
813552066	Doubt	4406	4532
813552066	Flag-Waving	4760	4816
813552066	Name_Calling,Labeling	4819	4846
813552066	Slogans	4895	4920
813552066	Bandwagon,Reductio_ad_hitlerum	5224	5317
813552066	Appeal_to_Authority	5319	5456
813552066	Exaggeration,Minimisation	5323	5366
813552066	Appeal_to_Authority	6297	6509
813552066	Flag-Waving	6582	6637
813552066	Appeal_to_fear-prejudice	6582	6681
813552066	Loaded_Language	7300	7321
813552066	Exaggeration,Minimisation	7417	7461
813552066	Loaded_Language	7468	7492
813552066	Bandwagon,Reductio_ad_hitlerum	7463	7544
813552066	Repetition	7563	7580
813552066	Doubt	5648	5776
813552066	Appeal_to_fear-prejudice	5956	6056
813552066	Appeal_to_Authority	6058	6205
813552066	Bandwagon,Reductio_ad_hitlerum	414	500
813552066	Black-and-White_Fallacy	392	500
813552066	Thought-terminating_Cliches	961	992
813552066	Repetition	781	797
813552066	Thought-terminating_Cliches	762	797
813552066	Thought-terminating_Cliches	564	594
813552066	Exaggeration,Minimisation	704	751
813552066	Exaggeration,Minimisation	1037	1084
813552066	Repetition	1086	1098
813552066	Appeal_to_Authority	1275	1431
813552066	Repetition	2204	2212
813552066	Exaggeration,Minimisation	2365	2407
813552066	Bandwagon,Reductio_ad_hitlerum	2409	2493
813552066	Black-and-White_Fallacy	2607	2714
813552066	Name_Calling,Labeling	2898	2924
813552066	Causal_Oversimplification	4416	4532
813552066	Causal_Oversimplification	4416	4532
813552066	Name_Calling,Labeling	4435	4462
813552066	Exaggeration,Minimisation	4653	4701
813552066	Name_Calling,Labeling	4819	4846
813552066	Causal_Oversimplification	7743	7863
813552066	Bandwagon,Reductio_ad_hitlerum	7002	7080
813552066	Name_Calling,Labeling	6888	6916
813552066	Repetition	6934	6939
813552066	Exaggeration,Minimisation	6752	6790
813552066	Repetition	6491	6509
813552066	Flag-Waving	5986	6056
813552066	Loaded_Language	5468	5489
813601978	Repetition	227	238
813601978	Loaded_Language	274	297
813601978	Thought-terminating_Cliches	996	1030
813601978	Loaded_Language	1844	1865
813601978	Repetition	4620	4637
813601978	Repetition	4620	4637
813602345	Appeal_to_fear-prejudice	1242	1341
813602345	Black-and-White_Fallacy	2417	2523
813602345	Repetition	609	622
813602345	Repetition	627	644
813602345	Repetition	1316	1327
813602345	Exaggeration,Minimisation	1431	1482
813602345	Repetition	2053	2064
813602345	Repetition	2066	2081
813602345	Repetition	2083	2094
813602345	Flag-Waving	2346	2408
813602345	Name_Calling,Labeling	1266	1292
813602345	Repetition	1550	1561
813602345	Repetition	71	85
813602345	Loaded_Language	742	765
813602345	Loaded_Language	1431	1454
813602345	Repetition	2066	2081
813602345	Repetition	610	621
813602345	Repetition	2053	2064
813602345	Loaded_Language	2535	2558
813602345	Repetition	2613	2622
813603860	Appeal_to_Authority	1345	1486
813603860	Bandwagon,Reductio_ad_hitlerum	1394	1486
813603860	Name_Calling,Labeling	5295	5323
813603860	Bandwagon,Reductio_ad_hitlerum	5256	5347
813603860	Repetition	280	291
813603860	Thought-terminating_Cliches	2153	2184
813603860	Repetition	2255	2269
813603860	Flag-Waving	2385	2444
813603860	Repetition	2489	2501
813603860	Repetition	24	28
813603860	Repetition	448	454
813603860	Repetition	975	986
813603860	Repetition	1110	1116
813603860	Name_Calling,Labeling	2104	2131
813603860	Exaggeration,Minimisation	2144	2184
813603860	Repetition	3998	4009
813603860	Repetition	4099	4116
813603860	Repetition	4298	4317
813603860	Repetition	4562	4579
813603860	Bandwagon,Reductio_ad_hitlerum	4772	4867
813603860	Flag-Waving	4929	5003
813603860	Causal_Oversimplification	2328	2444
813603860	Repetition	3939	3953
813603860	Repetition	4306	4310
813603860	Loaded_Language	4614	4635
813603860	Bandwagon,Reductio_ad_hitlerum	5257	5345
813623212	Repetition	128	135
813623212	Appeal_to_Authority	4980	5121
813623212	Exaggeration,Minimisation	4980	5028
813623212	Repetition	2909	2922
813623212	Repetition	5488	5495
813623212	Repetition	5660	5665
813623212	Repetition	6465	6480
813623212	Repetition	53	68
813623212	Repetition	230	246
813623212	Loaded_Language	320	344
813623212	Repetition	578	596
813623212	Name_Calling,Labeling	649	675
813623212	Name_Calling,Labeling	649	675
813623212	Repetition	697	716
813623212	Repetition	785	804
813623212	Repetition	856	867
813623212	Repetition	1111	1123
813623212	Exaggeration,Minimisation	1141	1180
813623212	Repetition	1319	1331
813623212	Exaggeration,Minimisation	1349	1388
813623212	Repetition	1451	1462
813623212	Flag-Waving	1467	1521
813623212	Thought-terminating_Cliches	1738	1767
813623212	Exaggeration,Minimisation	2009	2049
813623212	Exaggeration,Minimisation	2009	2049
813623212	Repetition	2781	2788
813623212	Slogans	2973	2998
813623212	Thought-terminating_Cliches	3100	3134
813623212	Repetition	3151	3156
813623212	Repetition	3876	3886
813623212	Repetition	4048	4052
813623212	Loaded_Language	4405	4426
813623212	Name_Calling,Labeling	4641	4667
813623212	Appeal_to_Authority	4980	5121
813623212	Repetition	5139	5145
813623212	Appeal_to_Authority	5998	6155
813623212	Exaggeration,Minimisation	6250	6295
813623212	Repetition	6377	6385
813623212	Loaded_Language	6839	6861
813623212	Repetition	230	246
813623212	Repetition	373	384
813623212	Repetition	2296	2307
813623212	Repetition	2450	2461
813623212	Repetition	556	575
813623212	Repetition	6684	6703
813623212	Repetition	6684	6703
813623212	Repetition	651	658
813623212	Repetition	785	804
813623212	Flag-Waving	872	926
813623212	Flag-Waving	1467	1521
813623212	Exaggeration,Minimisation	989	1031
813623212	Bandwagon,Reductio_ad_hitlerum	1090	1181
813623212	Repetition	2910	2921
813714967	Repetition	1792	1804
813714967	Repetition	2249	2266
813714967	Repetition	2866	2884
813714967	Repetition	3718	3722
813714967	Name_Calling,Labeling	559	587
813714967	Thought-terminating_Cliches	2893	2926
813714967	Repetition	437	445
813714967	Repetition	2893	2899
813714967	Repetition	7	16
813714967	Repetition	265	277
813714967	Repetition	1208	1224
813714967	Thought-terminating_Cliches	1505	1535
813714967	Thought-terminating_Cliches	1537	1566
813714967	Thought-terminating_Cliches	2466	2498
813714967	Thought-terminating_Cliches	2466	2498
813714967	Repetition	2527	2537
813714967	Thought-terminating_Cliches	3129	3158
813714967	Exaggeration,Minimisation	3773	3817
813714967	Name_Calling,Labeling	3791	3817
813714967	Repetition	4136	4141
813714967	Repetition	1505	1512
813714967	Loaded_Language	1426	1448
813714967	Loaded_Language	1426	1448
813714967	Black-and-White_Fallacy	1739	1847
813714967	Flag-Waving	1781	1847
813714967	Flag-Waving	1651	1722
813714967	Appeal_to_Authority	2189	2342
813949697	Repetition	2260	2264
813949697	Doubt	2327	2453
813949697	Causal_Oversimplification	2455	2574
813949697	Exaggeration,Minimisation	6527	6576
813949697	Repetition	6787	6805
813949697	Flag-Waving	8040	8105
813949697	Flag-Waving	8684	8742
813949697	Causal_Oversimplification	8744	8859
813949697	Repetition	4857	4861
813949697	Repetition	9598	9618
813949697	Loaded_Language	3545	3568
813949697	Repetition	3979	3996
813949697	Repetition	7703	7714
813949697	Repetition	7817	7827
813949697	Loaded_Language	7947	7970
813949697	Slogans	8040	8065
813949697	Exaggeration,Minimisation	8571	8615
813949697	Repetition	8684	8704
813949697	Thought-terminating_Cliches	8711	8742
813949697	Loaded_Language	8763	8784
813949697	Repetition	9114	9124
813949697	Exaggeration,Minimisation	9358	9407
813949697	Loaded_Language	9677	9701
813949697	Repetition	10173	10180
813949697	Repetition	10210	10221
813949697	Flag-Waving	5651	5715
813949697	Appeal_to_Authority	6667	6871
813949697	Repetition	7817	7827
813949697	Flag-Waving	7802	7867
813949697	Flag-Waving	10866	10930
813949697	Repetition	9691	9701
813953273	Repetition	700	718
813953273	Thought-terminating_Cliches	531	561
813953273	Name_Calling,Labeling	41	68
813953273	Bandwagon,Reductio_ad_hitlerum	70	153
813953273	Thought-terminating_Cliches	649	681
813953273	Exaggeration,Minimisation	755	801
813953273	Thought-terminating_Cliches	874	905
813953273	Flag-Waving	1462	1525
813953273	Thought-terminating_Cliches	1286	1321
813953273	Repetition	1777	1794
813953273	Bandwagon,Reductio_ad_hitlerum	1882	1969
813953273	Exaggeration,Minimisation	2562	2606
813953273	Appeal_to_Authority	3029	3174
813953273	Appeal_to_Authority	3316	3447
813953273	Appeal_to_Authority	3449	3628
813953273	Loaded_Language	3981	4004
813953273	Appeal_to_Authority	4059	4224
813953273	Flag-Waving	4226	4282
813953273	Flag-Waving	4226	4282
813953273	Appeal_to_fear-prejudice	4284	4383
813953273	Causal_Oversimplification	4385	4505
813953273	Causal_Oversimplification	4550	4665
813953273	Flag-Waving	4853	4910
813953273	Appeal_to_Authority	5105	5292
813953273	Repetition	5294	5308
813953273	Repetition	5313	5331
813953273	Repetition	3089	3101
813953273	Repetition	3406	3416
813953273	Repetition	4824	4834
813953273	Repetition	5121	5128
813953273	Repetition	5130	5146
813953273	Repetition	5194	5214
813953273	Thought-terminating_Cliches	5830	5859
813953273	Thought-terminating_Cliches	337	368
813953273	Repetition	287	300
813953273	Name_Calling,Labeling	1249	1275
813953273	Repetition	1764	1776
813953273	Repetition	2256	2264
813953273	Repetition	2275	2292
813953273	Bandwagon,Reductio_ad_hitlerum	2351	2442
813953273	Repetition	2562	2581
813953273	Thought-terminating_Cliches	3175	3207
813953273	Exaggeration,Minimisation	3316	3356
813953273	Repetition	3513	3521
813953273	Bandwagon,Reductio_ad_hitlerum	2928	3020
813953273	Appeal_to_Authority	3752	3910
813953273	Thought-terminating_Cliches	4253	4282
813953273	Repetition	4679	4695
813953273	Flag-Waving	4788	4850
813953273	Repetition	5031	5045
813953273	Repetition	5047	5064
813953273	Appeal_to_Authority	5373	5632
813953273	Slogans	5471	5496
813953273	Thought-terminating_Cliches	5597	5632
813953273	Thought-terminating_Cliches	5830	5859
813953273	Exaggeration,Minimisation	5788	5828
813953273	Loaded_Language	3710	3734
813953273	Thought-terminating_Cliches	4008	4039
813953273	Exaggeration,Minimisation	5747	5786
813953435	Black-and-White_Fallacy	1098	1200
813953435	Flag-Waving	3044	3116
813953435	Repetition	1559	1579
813953435	Loaded_Language	170	192
813953435	Bandwagon,Reductio_ad_hitlerum	409	492
813953435	Name_Calling,Labeling	1114	1141
813953435	Thought-terminating_Cliches	1255	1284
813953435	Exaggeration,Minimisation	1480	1527
813953435	Loaded_Language	1637	1661
813953435	Repetition	1839	1854
813953435	Repetition	1914	1920
813953435	Repetition	2010	2030
813953435	Repetition	2148	2166
813953435	Loaded_Language	2636	2659
813953435	Repetition	2816	2834
813953435	Repetition	3256	3274
813953435	Loaded_Language	3487	3508
813953435	Repetition	1047	1057
813953435	Repetition	1130	1140
813953435	Repetition	1651	1661
813953435	Flag-Waving	1466	1527
813953435	Appeal_to_Authority	2225	2357
813953435	Repetition	1268	1284
813992175	Flag-Waving	738	810
813992175	Thought-terminating_Cliches	2045	2080
813992175	Repetition	0	8
813992175	Repetition	175	189
813992175	Repetition	242	250
813992175	Bandwagon,Reductio_ad_hitlerum	407	484
813992175	Bandwagon,Reductio_ad_hitlerum	485	572
813992175	Repetition	132	145
813992175	Repetition	544	557
813992175	Repetition	1953	1963
813992175	Loaded_Language	716	737
813992175	Exaggeration,Minimisation	357	405
813992175	Flag-Waving	655	715
813992175	Repetition	796	810
813992175	Causal_Oversimplification	1329	1443
813992175	Appeal_to_Authority	1594	1968
813992175	Name_Calling,Labeling	2562	2588
814251296	Repetition	102	109
814251296	Name_Calling,Labeling	514	542
814251296	Bandwagon,Reductio_ad_hitlerum	102	190
814371058	Bandwagon,Reductio_ad_hitlerum	90	174
814371058	Slogans	106	131
814371058	Exaggeration,Minimisation	83	131
814403543	Flag-Waving	2810	2868
814403543	Appeal_to_Authority	1456	1684
814403543	Flag-Waving	2427	2496
814403543	Appeal_to_fear-prejudice	3217	3315
814403543	Repetition	215	228
814403543	Repetition	1909	1919
814403543	Repetition	2077	2082
814403543	Exaggeration,Minimisation	2454	2496
814403543	Appeal_to_Authority	2678	2868
814403543	Repetition	3078	3088
814403543	Thought-terminating_Cliches	3280	3315
814403543	Exaggeration,Minimisation	1291	1332
814403543	Flag-Waving	2032	2099
814403543	Doubt	2871	3001
814403783	Appeal_to_fear-prejudice	2431	2528
814403783	Black-and-White_Fallacy	3101	3210
814403783	Flag-Waving	0	55
814403783	Flag-Waving	1439	1505
814403783	Repetition	68	80
814403783	Thought-terminating_Cliches	122	152
814403783	Thought-terminating_Cliches	1123	1158
814403783	Repetition	1714	1724
814403783	Thought-terminating_Cliches	2191	2226
814403783	Bandwagon,Reductio_ad_hitlerum	2308	2390
814403783	Thought-terminating_Cliches	2493	2528
814403783	Repetition	2496	2505
814403783	Repetition	174	189
814403783	Repetition	1128	1143
814403783	Repetition	1128	1143
814403783	Repetition	174	189
814403783	Bandwagon,Reductio_ad_hitlerum	2934	3024
814403875	Repetition	18	28
814403875	Appeal_to_Authority	1042	1249
814403875	Bandwagon,Reductio_ad_hitlerum	337	423
814403875	Repetition	1257	1277
814403875	Flag-Waving	2059	2125
814403875	Exaggeration,Minimisation	71	108
814403875	Exaggeration,Minimisation	237	279
814403875	Thought-terminating_Cliches	907	939
814403875	Bandwagon,Reductio_ad_hitlerum	1417	1500
814403875	Doubt	1610	1739
814403875	Flag-Waving	2059	2125
814404002	Black-and-White_Fallacy	1655	1763
814404002	Appeal_to_Authority	1765	1983
814404002	Repetition	2017	2030
814404002	Name_Calling,Labeling	2871	2898
814404002	Appeal_to_Authority	4402	4544
814404002	Appeal_to_Authority	1194	1394
814404002	Repetition	1454	1464
814404002	Exaggeration,Minimisation	1985	2030
814404002	Appeal_to_Authority	2900	3152
814404002	Exaggeration,Minimisation	3806	3846
814404002	Repetition	4697	4706
814404002	Flag-Waving	2195	2269
814404002	Flag-Waving	3354	3407
814404002	Appeal_to_Authority	3507	3654
814404002	Appeal_to_Authority	89	243
814404002	Appeal_to_Authority	758	914
814404002	Exaggeration,Minimisation	1147	1192
814404002	Black-and-White_Fallacy	3519	3621
814404002	Thought-terminating_Cliches	4554	4587
814404002	Exaggeration,Minimisation	4662	4706
814404002	Repetition	20	33
814404002	Loaded_Language	65	86
814404002	Repetition	41	58
814404002	Exaggeration,Minimisation	159	200
814404002	Thought-terminating_Cliches	214	243
814404002	Repetition	256	267
814404002	Bandwagon,Reductio_ad_hitlerum	246	336
814404002	Thought-terminating_Cliches	793	824
814404002	Flag-Waving	1053	1129
814404002	Repetition	1132	1145
814404002	Causal_Oversimplification	1024	1145
814404002	Repetition	1426	1435
814404002	Repetition	1445	1464
814404002	Appeal_to_Authority	1486	1653
814404002	Exaggeration,Minimisation	1724	1763
814404002	Repetition	2120	2138
814404002	Repetition	2233	2242
814404002	Flag-Waving	2195	2269
814404002	Repetition	2330	2340
814404002	Thought-terminating_Cliches	2384	2418
814404002	Repetition	2440	2454
814404002	Loaded_Language	2456	2480
814404002	Exaggeration,Minimisation	2663	2702
814404002	Flag-Waving	2721	2794
814404002	Thought-terminating_Cliches	2821	2857
814404002	Repetition	2928	2937
814404002	Appeal_to_fear-prejudice	3052	3152
814404002	Bandwagon,Reductio_ad_hitlerum	3205	3284
814404002	Name_Calling,Labeling	3354	3382
814404002	Appeal_to_Authority	3354	3654
814404002	Exaggeration,Minimisation	3459	3504
814404002	Repetition	3519	3539
814404002	Exaggeration,Minimisation	3872	3909
814404002	Black-and-White_Fallacy	3848	3953
814404002	Flag-Waving	4283	4349
814404002	Slogans	4292	4317
814404002	Exaggeration,Minimisation	4444	4493
814404002	Bandwagon,Reductio_ad_hitlerum	4546	4639
814404002	Repetition	127	147
814404002	Repetition	286	299
814404002	Exaggeration,Minimisation	338	388
814404002	Repetition	1187	1192
814404002	Repetition	1405	1414
814404002	Flag-Waving	1490	1549
814404002	Repetition	2001	2015
814404002	Thought-terminating_Cliches	1824	1860
814404002	Exaggeration,Minimisation	1911	1961
814404002	Exaggeration,Minimisation	2120	2169
814404002	Repetition	2210	2229
814404002	Slogans	3166	3191
814404002	Flag-Waving	3228	3284
814404002	Repetition	3287	3300
814404002	Flag-Waving	3694	3765
814404002	Flag-Waving	3780	3846
814404002	Exaggeration,Minimisation	4596	4639
814404002	Repetition	2709	2719
814404002	Flag-Waving	2721	2794
814427361	Exaggeration,Minimisation	0	40
814427361	Name_Calling,Labeling	709	737
814427361	Flag-Waving	2688	2757
814427361	Thought-terminating_Cliches	3741	3777
814427361	Bandwagon,Reductio_ad_hitlerum	4806	4886
814427361	Bandwagon,Reductio_ad_hitlerum	4888	4976
814427361	Exaggeration,Minimisation	0	40
814427361	Flag-Waving	221	297
814427361	Repetition	3210	3221
814427361	Thought-terminating_Cliches	4269	4304
814427361	Thought-terminating_Cliches	154	185
814427361	Repetition	1508	1522
814427361	Repetition	2361	2378
814427361	Thought-terminating_Cliches	2592	2623
814427361	Loaded_Language	3210	3233
814427361	Appeal_to_Authority	3126	3333
814427361	Repetition	4168	4181
814427361	Causal_Oversimplification	4765	4886
814427361	Flag-Waving	2822	2893
814427361	Repetition	2882	2893
814427361	Causal_Oversimplification	5339	5459
814427361	Name_Calling,Labeling	5556	5584
814427361	Exaggeration,Minimisation	5746	5798
814427361	Doubt	5610	5738
814427361	Flag-Waving	5848	5913
814435435	Appeal_to_Authority	175	376
814435435	Exaggeration,Minimisation	1148	1195
814435435	Black-and-White_Fallacy	1239	1347
814435435	Repetition	0	7
814435435	Repetition	805	817
814435435	Thought-terminating_Cliches	1239	1272
814435435	Repetition	1492	1509
814435435	Black-and-White_Fallacy	1560	1672
814435435	Flag-Waving	1771	1845
814435435	Flag-Waving	1847	1922
814435435	Slogans	2212	2237
814435435	Thought-terminating_Cliches	1674	1706
814435435	Flag-Waving	1866	1922
814435435	Slogans	2212	2237
814630609	Repetition	2375	2385
814630609	Appeal_to_Authority	2247	2549
814630609	Repetition	2606	2616
814630609	Flag-Waving	3519	3593
814630609	Exaggeration,Minimisation	3542	3591
814630609	Flag-Waving	2024	2084
814630609	Exaggeration,Minimisation	2967	3009
814630609	Name_Calling,Labeling	11	38
814630609	Name_Calling,Labeling	126	153
814630609	Exaggeration,Minimisation	1027	1076
814630609	Repetition	1565	1579
814630609	Repetition	1618	1636
814630609	Thought-terminating_Cliches	2051	2084
814630609	Flag-Waving	2675	2739
814630609	Appeal_to_Authority	2742	3009
814630609	Repetition	3084	3104
814630609	Appeal_to_Authority	3026	3215
814630609	Loaded_Language	3191	3215
814630609	Appeal_to_Authority	3219	3356
814630609	Repetition	21	38
814630609	Repetition	136	153
814630609	Repetition	2124	2141
814630609	Repetition	2124	2141
814630609	Repetition	21	38
814630609	Repetition	136	153
814630609	Repetition	2124	2141
814630609	Exaggeration,Minimisation	1032	1076
814630609	Exaggeration,Minimisation	1032	1076
814630609	Repetition	2731	2739
814630609	Repetition	2529	2546
814630609	Flag-Waving	2024	2084
814630609	Exaggeration,Minimisation	2967	3010
814777937	Thought-terminating_Cliches	152	184
814777937	Thought-terminating_Cliches	260	296
814777937	Flag-Waving	533	598
814777937	Flag-Waving	737	800
814777937	Appeal_to_Authority	963	1206
814777937	Repetition	3779	3798
814777937	Repetition	2934	2941
814777937	Bandwagon,Reductio_ad_hitlerum	4596	4687
814777937	Exaggeration,Minimisation	697	735
814777937	Loaded_Language	1723	1744
814777937	Repetition	2096	2109
814777937	Loaded_Language	2180	2201
814777937	Exaggeration,Minimisation	3132	3171
814777937	Exaggeration,Minimisation	4318	4357
814777937	Bandwagon,Reductio_ad_hitlerum	4689	4772
814777937	Thought-terminating_Cliches	5438	5473
814777937	Repetition	790	800
814777937	Loaded_Language	1100	1121
814777937	Flag-Waving	2633	2704
814777937	Flag-Waving	2633	2704
814777937	Name_Calling,Labeling	2602	2630
814777937	Repetition	3140	3153
814777937	Appeal_to_Authority	3801	4036
814777937	Exaggeration,Minimisation	4063	4108
814777937	Repetition	4844	4862
814777937	Bandwagon,Reductio_ad_hitlerum	4596	4687
815412286	Appeal_to_Authority	163	320
815412286	Doubt	1357	1485
815412286	Doubt	1700	1826
815412286	Appeal_to_Authority	1488	1637
815412286	Appeal_to_Authority	799	936
815412286	Black-and-White_Fallacy	1528	1637
815412286	Appeal_to_Authority	2302	2448
815412286	Appeal_to_Authority	461	635
815412286	Appeal_to_Authority	705	936
815412286	Appeal_to_Authority	799	936
815412286	Flag-Waving	18	72
815412286	Repetition	1104	1114
815412286	Repetition	2645	2664
815412286	Flag-Waving	2948	3006
815412286	Repetition	3215	3228
815412286	Appeal_to_Authority	3009	3184
815412286	Name_Calling,Labeling	45	72
815412286	Name_Calling,Labeling	45	72
815412286	Thought-terminating_Cliches	228	263
815412286	Thought-terminating_Cliches	228	263
815412286	Exaggeration,Minimisation	1528	1569
815858385	Repetition	185	189
815858385	Loaded_Language	2214	2237
815858385	Bandwagon,Reductio_ad_hitlerum	1566	1654
815858385	Repetition	43	49
815858385	Repetition	43	49
815858385	Exaggeration,Minimisation	73	123
815858385	Repetition	128	141
815858385	Repetition	158	169
815858385	Exaggeration,Minimisation	220	271
815858385	Black-and-White_Fallacy	450	557
815858385	Bandwagon,Reductio_ad_hitlerum	1472	1560
815858385	Appeal_to_Authority	1439	1654
815858385	Appeal_to_Authority	1656	1826
815858385	Appeal_to_Authority	2032	2309
815858385	Slogans	2117	2142
815858385	Flag-Waving	2169	2237
815858385	Appeal_to_Authority	2614	2770
815858385	Repetition	579	583
815858385	Repetition	2214	2219
815858385	Repetition	253	270
815858385	Repetition	648	657
815858385	Repetition	648	657
815858385	Thought-terminating_Cliches	1670	1702
815858385	Exaggeration,Minimisation	1932	1984
815858385	Repetition	2398	2416
815858385	Black-and-White_Fallacy	2661	2770
816460196	Bandwagon,Reductio_ad_hitlerum	1232	1322
816460196	Appeal_to_Authority	1231	1374
816460196	Repetition	2784	2803
816460196	Exaggeration,Minimisation	0	37
816460196	Thought-terminating_Cliches	151	182
816460196	Appeal_to_Authority	3536	3688
816460196	Exaggeration,Minimisation	4103	4144
816460196	Flag-Waving	5690	5766
816460196	Repetition	76	92
816460196	Repetition	76	92
816460196	Repetition	76	92
816460196	Repetition	398	414
816460196	Repetition	398	414
816460196	Repetition	398	414
816460196	Appeal_to_Authority	95	227
816460196	Appeal_to_Authority	889	1229
816460196	Repetition	1134	1150
816460196	Thought-terminating_Cliches	1027	1063
816460196	Repetition	1345	1358
816460196	Repetition	1415	1435
816460196	Appeal_to_Authority	1674	1818
816460196	Appeal_to_Authority	2087	2254
816460196	Appeal_to_Authority	2546	2767
816460196	Slogans	2742	2767
816460196	Repetition	3489	3505
816460196	Repetition	3489	3505
816460196	Repetition	3489	3505
816460196	Appeal_to_Authority	3536	3698
816460196	Exaggeration,Minimisation	3727	3770
816460196	Thought-terminating_Cliches	3776	3805
816460196	Repetition	3816	3835
816460196	Appeal_to_fear-prejudice	3909	4006
816460196	Loaded_Language	4290	4313
816460196	Repetition	5096	5110
816460196	Repetition	5112	5132
816460196	Repetition	5153	5168
816460196	Appeal_to_Authority	5092	5229
816460196	Repetition	5341	5348
816460196	Repetition	5427	5436
816460196	Flag-Waving	5548	5622
816460196	Appeal_to_Authority	5512	5656
816460196	Flag-Waving	5768	5834
816460196	Appeal_to_Authority	5837	6135
816460196	Repetition	18	30
816460196	Repetition	163	175
816460196	Bandwagon,Reductio_ad_hitlerum	2957	3034
816460196	Exaggeration,Minimisation	3415	3460
816460196	Exaggeration,Minimisation	3536	3581
816460196	Exaggeration,Minimisation	3583	3625
816460196	Exaggeration,Minimisation	3583	3625
816460196	Exaggeration,Minimisation	4103	4144
816460196	Flag-Waving	5232	5306
816460196	Flag-Waving	5560	5622
816720060	Black-and-White_Fallacy	6611	6719
816720060	Flag-Waving	5437	5492
816720060	Appeal_to_Authority	209	351
816720060	Thought-terminating_Cliches	4952	4988
816720060	Appeal_to_Authority	4990	5237
816720060	Thought-terminating_Cliches	209	244
816720060	Thought-terminating_Cliches	625	659
816720060	Thought-terminating_Cliches	3836	3868
816720060	Flag-Waving	3900	3956
816720060	Flag-Waving	4325	4379
816720060	Name_Calling,Labeling	4611	4638
816720060	Repetition	4721	4739
816720060	Appeal_to_Authority	4699	4885
816720060	Repetition	5373	5388
816720060	Loaded_Language	5753	5775
816720060	Bandwagon,Reductio_ad_hitlerum	5976	6066
816720060	Thought-terminating_Cliches	6295	6327
816720060	Name_Calling,Labeling	6331	6357
816720060	Loaded_Language	6362	6385
816720060	Exaggeration,Minimisation	6435	6481
816720060	Repetition	6660	6680
816720060	Repetition	358	363
816720060	Repetition	421	430
816720060	Repetition	479	488
816720060	Exaggeration,Minimisation	467	514
816720060	Appeal_to_Authority	887	1032
816720060	Thought-terminating_Cliches	1038	1068
816720060	Thought-terminating_Cliches	1038	1068
816720060	Loaded_Language	1305	1328
816720060	Repetition	4559	4565
816720060	Repetition	4825	4834
816720060	Repetition	38	56
816720060	Repetition	38	56
816720060	Repetition	5757	5775
817147979	Repetition	155	160
817147979	Repetition	323	333
817147979	Name_Calling,Labeling	1302	1330
817147979	Repetition	1644	1650
817147979	Loaded_Language	1962	1983
817147979	Repetition	2216	2223
817147979	Repetition	2245	2254
817147979	Repetition	2540	2557
817147979	Exaggeration,Minimisation	3411	3456
817147979	Repetition	3767	3774
817147979	Loaded_Language	3894	3916
817147979	Flag-Waving	4963	5036
817147979	Repetition	5915	5927
817147979	Repetition	6050	6067
817147979	Repetition	6120	6129
817147979	Repetition	6233	6243
817147979	Repetition	7251	7268
817147979	Exaggeration,Minimisation	7768	7813
817147979	Name_Calling,Labeling	3677	3705
817147979	Repetition	1858	1869
817147979	Repetition	3834	3849
817147979	Repetition	4595	4610
817147979	Repetition	5389	5404
817147979	Repetition	7341	7359
817147979	Repetition	7651	7664
817147979	Repetition	1210	1220
817147979	Repetition	1332	1342
817147979	Repetition	1410	1423
817147979	Repetition	1579	1588
817147979	Repetition	2384	2400
817147979	Repetition	3647	3654
817147979	Name_Calling,Labeling	3677	3705
817147979	Exaggeration,Minimisation	5284	5321
817147979	Loaded_Language	6410	6432
817147979	Exaggeration,Minimisation	6504	6548
817147979	Appeal_to_Authority	7332	7614
817147979	Bandwagon,Reductio_ad_hitlerum	7725	7813
817147979	Flag-Waving	6050	6118
817176202	Bandwagon,Reductio_ad_hitlerum	1882	1964
817176202	Bandwagon,Reductio_ad_hitlerum	437	529
817176202	Repetition	3056	3066
817176202	Repetition	3557	3567
817176202	Thought-terminating_Cliches	3808	3840
817176202	Repetition	4339	4353
817176202	Bandwagon,Reductio_ad_hitlerum	4492	4578
817176202	Repetition	531	545
817176202	Repetition	1483	1496
817176202	Flag-Waving	0	65
817176202	Repetition	512	529
817190270	Thought-terminating_Cliches	6472	6506
817190270	Flag-Waving	7038	7092
817190270	Repetition	543	553
817190270	Repetition	1800	1819
817190270	Repetition	1078	1083
817190270	Repetition	1078	1083
817190270	Repetition	1951	1956
817190270	Repetition	1951	1956
817190270	Bandwagon,Reductio_ad_hitlerum	4003	4080
817190270	Repetition	4060	4080
817190270	Exaggeration,Minimisation	4519	4558
817190270	Repetition	4917	4929
817190270	Repetition	5097	5115
817190270	Repetition	5610	5613
817190270	Repetition	5631	5634
817190270	Thought-terminating_Cliches	6472	6506
817190270	Name_Calling,Labeling	7009	7036
817190270	Repetition	7410	7422
817190270	Repetition	7410	7422
817190270	Repetition	4401	4412
817190270	Bandwagon,Reductio_ad_hitlerum	4794	4873
817190270	Repetition	5097	5115
817190270	Exaggeration,Minimisation	5941	5983
817190270	Thought-terminating_Cliches	6597	6633
817190270	Flag-Waving	3920	3984
817190270	Repetition	4061	4072
817190270	Flag-Waving	4417	4483
817190270	Slogans	4749	4774
817190270	Thought-terminating_Cliches	5532	5563
817190270	Exaggeration,Minimisation	6922	6971
817190270	Repetition	7244	7250
817190270	Repetition	7123	7136
817190270	Flag-Waving	7295	7352
817190270	Flag-Waving	7295	7352
817190270	Repetition	1475	1483
817190270	Repetition	1475	1483
817190270	Repetition	3907	3913
817190270	Repetition	5605	5608
817408115	Flag-Waving	905	978
817408115	Exaggeration,Minimisation	0	51
817408115	Bandwagon,Reductio_ad_hitlerum	1915	2009
817408115	Exaggeration,Minimisation	3043	3080
817408115	Flag-Waving	3679	3732
817408115	Repetition	3891	3904
817408115	Exaggeration,Minimisation	5376	5427
817408115	Exaggeration,Minimisation	6029	6076
817408115	Repetition	1153	1169
817408115	Flag-Waving	2452	2526
817408115	Repetition	3138	3147
817408115	Repetition	6190	6207
817408115	Repetition	6909	6918
817408115	Repetition	696	708
817408115	Repetition	4194	4203
817408115	Repetition	4243	4263
817408115	Repetition	4243	4263
817408115	Repetition	4295	4306
817408115	Repetition	4295	4306
817408115	Exaggeration,Minimisation	4350	4388
817408115	Repetition	4598	4617
817408115	Repetition	4598	4617
817408115	Repetition	4674	4693
817408115	Repetition	4674	4693
817408115	Bandwagon,Reductio_ad_hitlerum	3440	3533
817408115	Appeal_to_Authority	3562	3732
817408115	Exaggeration,Minimisation	6186	6238
817408115	Repetition	6865	6878
817408115	Repetition	7029	7038
817449755	Repetition	497	503
817449755	Loaded_Language	2303	2327
817449755	Repetition	3981	3996
817449755	Repetition	1196	1203
817449755	Exaggeration,Minimisation	2075	2126
817449755	Exaggeration,Minimisation	4255	4306
817449755	Name_Calling,Labeling	4840	4867
817449755	Repetition	682	692
817449755	Repetition	1151	1156
817449755	Repetition	3038	3053
818141325	Black-and-White_Fallacy	1682	1785
818141325	Repetition	377	383
818141325	Name_Calling,Labeling	1391	1419
820419869	Repetition	3620	3630
820419869	Repetition	3292	3306
820419869	Repetition	289	301
820419869	Repetition	1059	1070
820791520	Loaded_Language	5504	5525
820791520	Repetition	7053	7070
820791520	Repetition	8419	8430
820791520	Bandwagon,Reductio_ad_hitlerum	288	379
820791520	Repetition	859	869
820791520	Bandwagon,Reductio_ad_hitlerum	2547	2624
820791520	Repetition	4895	4914
820791520	Repetition	5349	5364
820791520	Loaded_Language	5748	5770
820791520	Repetition	5833	5842
820791520	Exaggeration,Minimisation	5849	5898
820791520	Repetition	6060	6077
820791520	Repetition	6134	6146
820791520	Repetition	6404	6416
820791520	Repetition	6404	6416
820791520	Name_Calling,Labeling	11166	11193
820791520	Repetition	11245	11256
820791520	Repetition	11245	11256
820791520	Exaggeration,Minimisation	11207	11256
820791520	Bandwagon,Reductio_ad_hitlerum	12386	12469
820791520	Repetition	4541	4551
820791520	Repetition	4541	4551
820791520	Repetition	4621	4631
820791520	Repetition	4621	4631
820791520	Repetition	2720	2727
820791520	Repetition	2775	2794
820791520	Repetition	2823	2836
820791520	Loaded_Language	2839	2862
820791520	Appeal_to_Authority	4824	5027
820791520	Repetition	5456	5473
820791520	Loaded_Language	5504	5525
820791520	Repetition	6102	6111
820791520	Repetition	6639	6645
820791520	Repetition	7033	7039
820791520	Repetition	7075	7089
820791520	Repetition	7224	7231
820791520	Repetition	8118	8129
820791520	Slogans	8658	8683
820791520	Repetition	8966	8980
820791520	Exaggeration,Minimisation	9019	9070
820791520	Repetition	9578	9582
820791520	Bandwagon,Reductio_ad_hitlerum	9557	9652
820791520	Name_Calling,Labeling	9725	9751
820791520	Name_Calling,Labeling	10464	10490
820791520	Flag-Waving	11085	11146
820791520	Repetition	11710	11718
820791520	Flag-Waving	11862	11922
820791520	Appeal_to_Authority	12061	12294
820791520	Repetition	4092	4103
820791520	Repetition	4092	4103
820791520	Thought-terminating_Cliches	4073	4103
820791520	Repetition	5926	5936
820791520	Repetition	5926	5936
820791520	Repetition	5949	5959
820791520	Repetition	5949	5959
820791520	Bandwagon,Reductio_ad_hitlerum	7699	7793
820791520	Bandwagon,Reductio_ad_hitlerum	7699	7793
820791520	Bandwagon,Reductio_ad_hitlerum	5903	5997
820791520	Bandwagon,Reductio_ad_hitlerum	5903	5997
820791520	Repetition	7722	7732
820791520	Repetition	7722	7732
820791520	Repetition	7745	7755
820791520	Repetition	7745	7755
821040551	Causal_Oversimplification	69	190
821040551	Bandwagon,Reductio_ad_hitlerum	214	310
821040551	Appeal_to_Authority	214	396
821040551	Repetition	498	506
821744708	Loaded_Language	1	22
821744708	Loaded_Language	1	22
821744708	Loaded_Language	1	22
821744708	Loaded_Language	986	1007
821744708	Loaded_Language	986	1007
821744708	Loaded_Language	986	1007
821744708	Exaggeration,Minimisation	2194	2233
821744708	Repetition	881	887
821744708	Flag-Waving	1589	1657
821744708	Exaggeration,Minimisation	2194	2246
821744708	Repetition	132	142
821744708	Loaded_Language	182	203
821744708	Loaded_Language	182	203
821744708	Loaded_Language	182	203
821744708	Repetition	636	647
821744708	Name_Calling,Labeling	1744	1770
821744708	Flag-Waving	1902	1969
821744708	Thought-terminating_Cliches	2046	2075
821744708	Exaggeration,Minimisation	2134	2172
821744708	Exaggeration,Minimisation	2134	2172
822220578	Causal_Oversimplification	3015	3138
822220578	Exaggeration,Minimisation	4011	4062
822220578	Appeal_to_Authority	1875	2115
822220578	Repetition	3463	3480
822220578	Repetition	3463	3480
822942601	Repetition	117	124
822942601	Repetition	175	192
822942601	Repetition	656	673
822942601	Thought-terminating_Cliches	927	962
822942601	Bandwagon,Reductio_ad_hitlerum	1095	1187
822942601	Black-and-White_Fallacy	1189	1292
822942601	Exaggeration,Minimisation	2209	2246
822942601	Repetition	3008	3023
822942601	Flag-Waving	3588	3654
822942601	Repetition	3716	3728
822942601	Repetition	4503	4515
822942601	Flag-Waving	4808	4872
822942601	Black-and-White_Fallacy	5218	5322
822942601	Repetition	452	472
822942601	Thought-terminating_Cliches	1095	1127
822942601	Thought-terminating_Cliches	4676	4705
822942601	Appeal_to_fear-prejudice	4707	4805
822942601	Thought-terminating_Cliches	4842	4872
822942601	Bandwagon,Reductio_ad_hitlerum	5469	5561
822942601	Exaggeration,Minimisation	686	723
822942601	Repetition	861	878
822942601	Name_Calling,Labeling	2052	2079
822942601	Repetition	2001	2014
822942601	Repetition	2154	2174
822942601	Repetition	2254	2262
822942601	Repetition	2387	2404
822942601	Appeal_to_Authority	2482	2768
822942601	Repetition	3223	3236
822942601	Repetition	3644	3654
822942601	Repetition	4023	4034
822942601	Repetition	4288	4307
822942601	Name_Calling,Labeling	5049	5075
822942601	Loaded_Language	5194	5216
822942601	Slogans	5621	5646
822942601	Repetition	3365	3377
822942601	Repetition	3456	3468
824256050	Exaggeration,Minimisation	4169	4209
824256050	Appeal_to_Authority	5717	5874
824256050	Slogans	5945	5970
824256050	Exaggeration,Minimisation	6993	7032
824256050	Flag-Waving	7061	7127
824350729	Loaded_Language	71	94
824350729	Repetition	673	679
824350729	Black-and-White_Fallacy	1957	2064
824350729	Repetition	2354	2363
824350729	Repetition	1633	1649
824350729	Exaggeration,Minimisation	1753	1801
824350729	Exaggeration,Minimisation	1918	1955
824350729	Thought-terminating_Cliches	2080	2113
824350729	Repetition	71	82
824350729	Repetition	135	150
824658990	Repetition	1057	1069
824658990	Thought-terminating_Cliches	2837	2871
824658990	Repetition	1197	1202
824658990	Repetition	2330	2345
824658990	Repetition	2918	2926
824658990	Repetition	2930	2943
824658990	Loaded_Language	3176	3199
824658990	Repetition	4285	4290
824658990	Black-and-White_Fallacy	4503	4607
824658990	Appeal_to_Authority	5013	5185
824658990	Name_Calling,Labeling	284	312
824658990	Name_Calling,Labeling	695	723
824658990	Thought-terminating_Cliches	1516	1546
824658990	Loaded_Language	1626	1650
824658990	Repetition	5286	5300
824658990	Thought-terminating_Cliches	1	30
824658990	Repetition	225	236
824658990	Loaded_Language	972	994
824658990	Repetition	1106	1112
824658990	Repetition	1377	1385
824658990	Repetition	1394	1401
824658990	Repetition	1572	1577
824658990	Repetition	1680	1691
824658990	Repetition	3896	3910
824658990	Repetition	3975	3983
824658990	Repetition	5325	5334
824684605	Repetition	109	126
824684605	Repetition	691	699
824684605	Repetition	801	817
824684605	Flag-Waving	1372	1427
824684605	Repetition	1651	1658
824684605	Repetition	1662	1675
824684605	Repetition	2165	2173
824684605	Black-and-White_Fallacy	3513	3617
824684605	Repetition	3651	3666
824684605	Name_Calling,Labeling	1486	1514
824684605	Name_Calling,Labeling	570	596
824684605	Repetition	77	90
824684605	Name_Calling,Labeling	1594	1622
824684605	Exaggeration,Minimisation	1858	1896
824684605	Name_Calling,Labeling	2214	2242
824684605	Loaded_Language	2271	2294
824684605	Loaded_Language	3745	3769
824684605	Loaded_Language	270	293
824684605	Repetition	997	1005
824684605	Repetition	1545	1554
824684605	Repetition	1950	1968
824684605	Thought-terminating_Cliches	2384	2418
824684605	Repetition	3599	3617
829267754	Repetition	1503	1512
829267754	Repetition	6178	6185
829267754	Repetition	6271	6278
829267754	Repetition	7147	7151
829267754	Repetition	7568	7577
829267754	Loaded_Language	2917	2941
829267754	Repetition	102	111
829267754	Repetition	388	397
829815104	Repetition	4315	4321
829815104	Repetition	586	598
829815104	Repetition	2912	2916
829815104	Repetition	373	391
829815104	Repetition	429	440
829815104	Repetition	1277	1296
829815104	Exaggeration,Minimisation	1499	1536
829815104	Thought-terminating_Cliches	2857	2890
829815104	Repetition	4310	4321
829815104	Repetition	4323	4332
829815104	Repetition	1927	1936
829815104	Appeal_to_Authority	2506	2707
829815104	Appeal_to_Authority	2709	2899
829815104	Repetition	6249	6264
830153674	Repetition	47	55
830153674	Repetition	894	907
830153674	Repetition	148	156
830153674	Repetition	148	156
830153674	Loaded_Language	106	130
830153674	Repetition	349	363
830153674	Thought-terminating_Cliches	651	681
830153674	Repetition	894	902
830274102	Repetition	36	45
830274102	Exaggeration,Minimisation	2422	2474
830274102	Repetition	2257	2267
830274102	Repetition	443	452
830274102	Thought-terminating_Cliches	715	747
830274102	Repetition	846	853
830274102	Loaded_Language	1302	1324
830274102	Bandwagon,Reductio_ad_hitlerum	1915	1998
830274102	Repetition	2392	2400
830274102	Repetition	4887	4901
830274102	Name_Calling,Labeling	7691	7719
830274102	Flag-Waving	4337	4404
830274102	Exaggeration,Minimisation	4456	4501
830274102	Thought-terminating_Cliches	385	419
830274102	Flag-Waving	565	637
830274102	Repetition	654	662
830274102	Repetition	1222	1240
830274102	Exaggeration,Minimisation	3645	3694
830274102	Thought-terminating_Cliches	6038	6067
830274102	Thought-terminating_Cliches	6038	6067
830274102	Repetition	6301	6316
830359136	Exaggeration,Minimisation	654	697
830359136	Repetition	1136	1154
830359136	Doubt	1345	1474
830359136	Repetition	1558	1565
830359136	Repetition	1623	1640
830359136	Exaggeration,Minimisation	1764	1810
830359136	Repetition	2033	2040
830359136	Exaggeration,Minimisation	2210	2255
830359136	Repetition	2262	2266
830359136	Doubt	104	230
830359136	Causal_Oversimplification	504	619
830359136	Black-and-White_Fallacy	2153	2255
830359136	Name_Calling,Labeling	2333	2359
830359136	Loaded_Language	779	802
830359136	Repetition	827	833
830359136	Thought-terminating_Cliches	839	868
830359136	Repetition	881	887
830359136	Repetition	1000	1006
830359136	Repetition	1116	1122
830359136	Exaggeration,Minimisation	1421	1459
830359136	Repetition	1687	1694
830359136	Loaded_Language	1952	1975
830359136	Repetition	2279	2287
830359423	Repetition	311	325
830359423	Appeal_to_Authority	1597	1760
830359423	Appeal_to_Authority	2170	2352
830359423	Repetition	2467	2474
830359423	Thought-terminating_Cliches	2988	3021
830359423	Slogans	762	787
830359423	Exaggeration,Minimisation	2932	2981
830359423	Appeal_to_fear-prejudice	3122	3220
830359423	Repetition	4321	4330
830359423	Repetition	151	165
830359423	Repetition	661	677
830359423	Repetition	661	677
830359423	Exaggeration,Minimisation	593	642
830359423	Exaggeration,Minimisation	3368	3415
830359423	Loaded_Language	2988	3009
830359423	Loaded_Language	3560	3581
830359423	Loaded_Language	3560	3581
830359423	Appeal_to_Authority	4470	4641
830359423	Repetition	4105	4114
830821478	Repetition	167	176
830821478	Repetition	221	232
830821478	Repetition	3543	3554
830821478	Name_Calling,Labeling	3947	3973
830821478	Repetition	88	104
830821478	Flag-Waving	3745	3798
830821478	Repetition	101	104
830821478	Repetition	456	461
830821478	Repetition	1874	1887
830821478	Repetition	4035	4041
832918490	Bandwagon,Reductio_ad_hitlerum	930	1021
832918490	Repetition	1088	1093
832918490	Repetition	1179	1193
832920387	Repetition	1963	1967
832920387	Doubt	4343	4472
832920387	Repetition	490	506
832926076	Repetition	183	188
832926076	Repetition	894	910
832926076	Bandwagon,Reductio_ad_hitlerum	1204	1282
832926076	Repetition	18	22
832926076	Loaded_Language	308	332
832926076	Causal_Oversimplification	4535	4657
832926076	Repetition	1305	1320
832926076	Black-and-White_Fallacy	1091	1202
832931332	Repetition	951	953
832931332	Repetition	1205	1219
832931332	Repetition	1378	1388
832931332	Repetition	1484	1502
832931332	Repetition	1961	1976
832931332	Repetition	2035	2047
832931332	Repetition	3119	3128
832931332	Repetition	4393	4401
832931332	Exaggeration,Minimisation	4393	4444
832931332	Appeal_to_Authority	41	177
832931332	Exaggeration,Minimisation	178	217
832931332	Repetition	405	412
832931332	Repetition	1104	1120
832931332	Flag-Waving	1221	1282
832931332	Exaggeration,Minimisation	1536	1576
832931332	Loaded_Language	1756	1779
832931332	Black-and-White_Fallacy	2031	2136
832931332	Exaggeration,Minimisation	2383	2421
832931332	Flag-Waving	2954	3030
832931332	Loaded_Language	3032	3054
832931332	Flag-Waving	3056	3118
832931332	Flag-Waving	3753	3815
832931332	Appeal_to_Authority	4248	4391
832931332	Repetition	96	102
832931332	Repetition	120	125
832931332	Loaded_Language	126	148
832931332	Repetition	166	177
832931332	Repetition	595	606
832931332	Repetition	1316	1330
832931332	Repetition	1346	1361
832931332	Repetition	1403	1409
832931332	Repetition	1430	1450
832931332	Repetition	1565	1575
832931332	Repetition	2024	2029
832931332	Thought-terminating_Cliches	2095	2124
832931332	Repetition	2053	2062
832931332	Repetition	2322	2337
832931332	Repetition	2521	2528
832931332	Repetition	2576	2593
832931332	Thought-terminating_Cliches	2668	2703
832931332	Repetition	2935	2952
832931332	Flag-Waving	3138	3203
832931332	Exaggeration,Minimisation	3356	3400
832931332	Repetition	3594	3599
832931332	Loaded_Language	3600	3622
832931332	Repetition	3640	3651
832931332	Repetition	3903	3920
832931332	Repetition	3922	3930
832931332	Loaded_Language	3958	3980
832931332	Repetition	3991	4002
832931332	Loaded_Language	4420	4444
832931332	Repetition	4535	4543
832931332	Appeal_to_Authority	41	177
832931332	Appeal_to_Authority	226	403
832931332	Flag-Waving	1464	1520
832931332	Repetition	1764	1773
832931332	Exaggeration,Minimisation	1835	1875
832931332	Loaded_Language	2226	2248
832931332	Flag-Waving	2278	2337
832931332	Repetition	2634	2645
832931332	Exaggeration,Minimisation	2860	2907
832931332	Repetition	3108	3117
832931332	Repetition	1145	1154
832931332	Appeal_to_Authority	3515	3706
832931332	Repetition	3943	3952
832931332	Repetition	3943	3952
832933796	Loaded_Language	140	162
832933796	Loaded_Language	32	54
832933796	Loaded_Language	140	162
832934428	Repetition	541	561
832934428	Thought-terminating_Cliches	312	344
832934428	Repetition	106	115
832934428	Repetition	391	405
832934428	Exaggeration,Minimisation	563	604
832934428	Black-and-White_Fallacy	755	867
832940138	Repetition	343	360
832940138	Repetition	630	640
832940138	Slogans	757	782
832940138	Exaggeration,Minimisation	960	1010
832940138	Repetition	2141	2149
832940138	Repetition	3546	3554
832940138	Repetition	3852	3863
832940138	Repetition	3865	3873
832940138	Repetition	3895	3906
832940138	Bandwagon,Reductio_ad_hitlerum	3696	3789
832940138	Repetition	4115	4123
832940138	Exaggeration,Minimisation	5596	5634
832940138	Repetition	6296	6303
832940138	Repetition	6353	6361
832940138	Repetition	6681	6688
832940138	Repetition	747	756
832940138	Flag-Waving	1012	1074
832940138	Black-and-White_Fallacy	2579	2683
832940138	Bandwagon,Reductio_ad_hitlerum	3995	4088
832940138	Name_Calling,Labeling	4646	4672
832940138	Flag-Waving	5408	5461
832940138	Loaded_Language	5696	5718
832940138	Black-and-White_Fallacy	6377	6485
832940138	Bandwagon,Reductio_ad_hitlerum	6487	6570
832940138	Repetition	30	47
832940138	Repetition	720	738
832940138	Loaded_Language	859	881
832940138	Repetition	4399	4410
832940138	Name_Calling,Labeling	4586	4612
832940138	Repetition	798	809
832940138	Slogans	887	912
832940138	Loaded_Language	2046	2069
832940138	Repetition	2497	2510
832940138	Thought-terminating_Cliches	3495	3528
832940138	Exaggeration,Minimisation	4498	4545
832940138	Loaded_Language	4647	4671
832940138	Loaded_Language	5166	5188
832940138	Repetition	4771	4785
832940138	Flag-Waving	4899	4966
832940138	Repetition	5343	5361
832940138	Repetition	5372	5382
832940138	Repetition	5395	5405
832940138	Repetition	6133	6140
832940138	Repetition	6317	6322
832941978	Repetition	1137	1148
832941978	Repetition	1172	1183
832941978	Thought-terminating_Cliches	1347	1377
832941978	Flag-Waving	7648	7703
832941978	Loaded_Language	7746	7767
832941978	Bandwagon,Reductio_ad_hitlerum	1020	1115
832941978	Flag-Waving	1118	1194
832941978	Loaded_Language	1773	1795
832941978	Causal_Oversimplification	2003	2121
832941978	Exaggeration,Minimisation	4966	5011
832941978	Exaggeration,Minimisation	5232	5277
832941978	Exaggeration,Minimisation	7252	7291
832941978	Flag-Waving	7705	7769
832941978	Appeal_to_Authority	8116	8263
832941978	Exaggeration,Minimisation	8761	8802
832941978	Repetition	5486	5494
832941978	Repetition	7277	7284
832941978	Name_Calling,Labeling	7850	7877
832941978	Repetition	8226	8239
832941978	Repetition	1435	1448
832941978	Flag-Waving	1945	1998
832941978	Repetition	3521	3532
832941978	Thought-terminating_Cliches	4076	4106
832941978	Thought-terminating_Cliches	4076	4106
832941978	Repetition	4836	4844
832941978	Exaggeration,Minimisation	4966	5011
832941978	Exaggeration,Minimisation	5232	5277
832941978	Thought-terminating_Cliches	5419	5449
832941978	Thought-terminating_Cliches	5419	5449
832941978	Repetition	6715	6728
832941978	Repetition	7293	7300
832941978	Flag-Waving	7293	7360
832947554	Bandwagon,Reductio_ad_hitlerum	1121	1212
832947554	Appeal_to_Authority	302	435
832947554	Loaded_Language	860	883
832947554	Loaded_Language	1031	1053
832947554	Repetition	154	164
832947600	Flag-Waving	10	66
832947600	Repetition	822	832
832947600	Repetition	1132	1142
832947600	Repetition	1362	1370
832947600	Repetition	1381	1388
832947600	Repetition	53	66
832947600	Doubt	766	894
832947600	Doubt	897	1024
832947600	Repetition	435	438
832947600	Repetition	486	489
832947600	Repetition	787	795
832947600	Repetition	942	945
832947600	Repetition	1082	1098
832947600	Repetition	1625	1644
832947600	Appeal_to_Authority	321	509
832947600	Thought-terminating_Cliches	787	816
832947600	Thought-terminating_Cliches	1082	1118
832947852	Repetition	460	466
832947852	Repetition	1641	1651
832947852	Loaded_Language	2631	2652
832947852	Slogans	3158	3183
832947852	Thought-terminating_Cliches	956	991
832947852	Repetition	1527	1540
832947852	Name_Calling,Labeling	1783	1810
832947852	Name_Calling,Labeling	1934	1961
832947852	Flag-Waving	3933	4001
832947852	Repetition	509	518
832947852	Repetition	519	526
832947852	Repetition	3384	3394
832947852	Loaded_Language	32	53
832947852	Repetition	1157	1175
832947852	Repetition	1523	1540
832947852	Exaggeration,Minimisation	1762	1810
832947852	Exaggeration,Minimisation	1440	1485
832947852	Slogans	2815	2840
832947852	Repetition	3099	3114
832947852	Repetition	3367	3382
832947852	Repetition	3367	3382
832947852	Exaggeration,Minimisation	2854	2893
832947852	Slogans	3599	3624
832947852	Repetition	3647	3665
832948083	Repetition	491	498
832948083	Bandwagon,Reductio_ad_hitlerum	2015	2103
832948083	Repetition	7101	7106
832948083	Thought-terminating_Cliches	1211	1245
832948083	Causal_Oversimplification	1885	2008
832948083	Exaggeration,Minimisation	4962	5007
832948083	Doubt	5152	5279
832948083	Appeal_to_Authority	7127	7308
832948083	Causal_Oversimplification	7787	7905
832948083	Exaggeration,Minimisation	8498	8536
832948083	Appeal_to_Authority	8570	8719
832948083	Name_Calling,Labeling	1717	1743
832948083	Repetition	6987	6997
832948083	Slogans	7709	7734
832948083	Repetition	293	311
832948083	Repetition	786	793
832948083	Repetition	2821	2830
832948083	Repetition	4436	4456
832948083	Repetition	6758	6776
832948083	Repetition	7694	7701
832948083	Repetition	8937	8949
832948083	Repetition	8988	9000
832948083	Repetition	9129	9146
832956618	Exaggeration,Minimisation	67	110
832959523	Bandwagon,Reductio_ad_hitlerum	4672	4759
832959523	Causal_Oversimplification	1585	1700
832959523	Appeal_to_Authority	1834	2076
832959523	Flag-Waving	3850	3903
832959523	Flag-Waving	4315	4379
832959523	Repetition	1666	1678
832959523	Repetition	4256	4265
832959523	Repetition	4369	4379
832959523	Repetition	1630	1641
832959523	Flag-Waving	4132	4185
832959523	Bandwagon,Reductio_ad_hitlerum	1298	1392
832971448	Appeal_to_Authority	4813	4952
832971448	Black-and-White_Fallacy	5742	5845
832971448	Exaggeration,Minimisation	6069	6109
832971448	Bandwagon,Reductio_ad_hitlerum	6404	6494
832971448	Bandwagon,Reductio_ad_hitlerum	6651	6731
832971448	Causal_Oversimplification	6866	6980
832971448	Appeal_to_fear-prejudice	8457	8557
832971448	Flag-Waving	9280	9334
832971448	Name_Calling,Labeling	5111	5139
832971448	Thought-terminating_Cliches	587	621
832971448	Exaggeration,Minimisation	2960	3009
832971448	Exaggeration,Minimisation	3377	3426
832971448	Repetition	3653	3673
832971448	Repetition	5495	5505
832971448	Repetition	5539	5549
832971448	Loaded_Language	6086	6109
832971448	Loaded_Language	6471	6494
832971448	Loaded_Language	6471	6494
832971448	Repetition	9527	9538
832984694	Repetition	957	965
832984694	Repetition	1263	1271
832984694	Appeal_to_Authority	1947	2088
832984694	Repetition	1185	1198
832984694	Thought-terminating_Cliches	1278	1310
832984694	Repetition	2515	2524
832984694	Exaggeration,Minimisation	2662	2708
832984694	Thought-terminating_Cliches	2782	2814
833013834	Repetition	14	20
833013834	Flag-Waving	927	998
833013834	Repetition	2026	2034
833013834	Exaggeration,Minimisation	2403	2451
833013834	Loaded_Language	3404	3425
833013834	Repetition	901	909
833013834	Thought-terminating_Cliches	1363	1394
833013834	Name_Calling,Labeling	1698	1726
833013834	Flag-Waving	3345	3403
833013834	Bandwagon,Reductio_ad_hitlerum	4549	4641
833013834	Repetition	82	92
833013834	Exaggeration,Minimisation	860	897
833013834	Repetition	1004	1014
833013834	Bandwagon,Reductio_ad_hitlerum	2036	2121
833013834	Exaggeration,Minimisation	2403	2450
833013834	Repetition	2530	2548
833013834	Repetition	2820	2834
833013834	Name_Calling,Labeling	2906	2932
833013834	Repetition	4379	4395
833018464	Repetition	289	295
833018464	Loaded_Language	2450	2472
833018464	Repetition	2473	2479
833018464	Exaggeration,Minimisation	1720	1759
833018464	Bandwagon,Reductio_ad_hitlerum	3211	3290
833018464	Loaded_Language	3786	3809
833018464	Repetition	270	285
833018464	Slogans	1840	1865
833018464	Repetition	3779	3783
833018464	Thought-terminating_Cliches	144	179
833018464	Repetition	305	320
833018464	Appeal_to_Authority	742	891
833018464	Repetition	1126	1143
833018464	Appeal_to_Authority	949	1215
833018464	Repetition	1362	1376
833018464	Appeal_to_Authority	1356	1519
833018464	Slogans	1585	1610
833018464	Bandwagon,Reductio_ad_hitlerum	2014	2097
833018464	Thought-terminating_Cliches	2595	2629
833018464	Loaded_Language	3101	3124
833018464	Bandwagon,Reductio_ad_hitlerum	3303	3397
833018464	Flag-Waving	3485	3538
833021113	Bandwagon,Reductio_ad_hitlerum	1081	1171
833021113	Doubt	1341	1469
833021113	Repetition	73	81
833021113	Loaded_Language	210	232
833021113	Flag-Waving	522	580
833021113	Repetition	1303	1318
833024133	Flag-Waving	415	473
833024133	Exaggeration,Minimisation	1472	1519
833024133	Repetition	830	848
833024133	Flag-Waving	11	77
833024133	Appeal_to_Authority	131	282
833024133	Appeal_to_Authority	512	664
833024133	Bandwagon,Reductio_ad_hitlerum	1063	1154
833024133	Slogans	1274	1299
833024133	Exaggeration,Minimisation	1257	1299
833024696	Thought-terminating_Cliches	2474	2510
833024696	Appeal_to_Authority	2978	3244
833024696	Repetition	972	991
833024696	Thought-terminating_Cliches	1039	1074
833024696	Repetition	768	785
833024696	Exaggeration,Minimisation	1675	1720
833024696	Exaggeration,Minimisation	1793	1843
833024696	Flag-Waving	2105	2158
833024696	Exaggeration,Minimisation	2105	2145
833024696	Repetition	2265	2284
833024696	Thought-terminating_Cliches	2474	2510
833024696	Bandwagon,Reductio_ad_hitlerum	2547	2640
833024696	Repetition	3144	3157
833024696	Repetition	3537	3548
833024696	Flag-Waving	3573	3634
833024696	Thought-terminating_Cliches	2474	2510
833028146	Repetition	891	900
833028146	Thought-terminating_Cliches	1047	1083
833028146	Flag-Waving	1204	1269
833028146	Slogans	33	58
833028146	Repetition	198	212
833028146	Loaded_Language	702	725
833028146	Loaded_Language	702	725
833028146	Black-and-White_Fallacy	755	860
833028146	Loaded_Language	947	969
833028146	Bandwagon,Reductio_ad_hitlerum	1094	1173
833028146	Bandwagon,Reductio_ad_hitlerum	1094	1173
833028146	Exaggeration,Minimisation	755	803
833028680	Exaggeration,Minimisation	1716	1753
833028680	Exaggeration,Minimisation	1403	1453
833028680	Exaggeration,Minimisation	2061	2113
833028680	Exaggeration,Minimisation	1350	1401
833028932	Flag-Waving	3727	3782
833028932	Loaded_Language	1080	1101
833028932	Appeal_to_fear-prejudice	1001	1101
833028932	Black-and-White_Fallacy	1104	1215
833028932	Flag-Waving	2181	2238
833028932	Repetition	2617	2632
833028932	Thought-terminating_Cliches	2828	2858
833028932	Repetition	2980	2996
833028932	Repetition	3042	3060
833028932	Repetition	3646	3660
833032366	Flag-Waving	1959	2015
833032366	Bandwagon,Reductio_ad_hitlerum	947	1032
833032366	Repetition	859	869
833032366	Repetition	878	882
833032366	Causal_Oversimplification	1959	2082
833032367	Repetition	123	127
833032367	Black-and-White_Fallacy	3889	3995
833032367	Bandwagon,Reductio_ad_hitlerum	432	528
833032367	Exaggeration,Minimisation	905	946
833032367	Flag-Waving	3384	3438
833032367	Appeal_to_Authority	3807	3995
833032367	Repetition	3636	3651
833032367	Repetition	97	117
833032367	Repetition	176	195
833032367	Loaded_Language	489	510
833032367	Bandwagon,Reductio_ad_hitlerum	432	528
833032367	Thought-terminating_Cliches	1066	1102
833036176	Exaggeration,Minimisation	0	41
833036176	Appeal_to_Authority	1121	1282
833036176	Appeal_to_Authority	1444	1602
833036176	Flag-Waving	1844	1918
833036176	Appeal_to_Authority	2786	2921
833036176	Repetition	252	263
833036176	Repetition	1511	1527
833036176	Black-and-White_Fallacy	1489	1602
833036176	Repetition	2511	2529
833036176	Appeal_to_Authority	2816	2972
833036489	Flag-Waving	795	862
833036489	Bandwagon,Reductio_ad_hitlerum	894	974
833036489	Flag-Waving	482	541
833036489	Bandwagon,Reductio_ad_hitlerum	1709	1791
833036489	Repetition	66	73
833036489	Repetition	195	202
833036489	Repetition	597	604
833036489	Repetition	818	825
833036489	Repetition	818	825
833036489	Repetition	2167	2173
833036489	Bandwagon,Reductio_ad_hitlerum	2138	2229
833036489	Name_Calling,Labeling	2233	2259
833039623	Repetition	187	193
833039623	Repetition	1140	1157
833039623	Loaded_Language	1215	1239
833039623	Appeal_to_Authority	1911	2058
833039623	Flag-Waving	2199	2267
833039623	Flag-Waving	2199	2267
833039623	Loaded_Language	2322	2344
833039623	Exaggeration,Minimisation	2772	2814
833039623	Exaggeration,Minimisation	3492	3533
833039623	Doubt	3861	3989
833039623	Loaded_Language	4228	4251
833039623	Flag-Waving	5456	5510
833039623	Repetition	112	127
833039623	Exaggeration,Minimisation	342	381
833039623	Repetition	567	581
833039623	Appeal_to_Authority	890	1130
833039623	Exaggeration,Minimisation	1799	1843
833039623	Exaggeration,Minimisation	2019	2058
833039623	Name_Calling,Labeling	2673	2701
833039623	Exaggeration,Minimisation	3045	3094
833039623	Appeal_to_Authority	3722	3989
833039623	Appeal_to_fear-prejudice	4127	4226
833039623	Loaded_Language	4672	4695
833039623	Repetition	5253	5263
833039623	Loaded_Language	5829	5850
833039623	Loaded_Language	194	215
833039623	Repetition	1290	1299
833039623	Thought-terminating_Cliches	1301	1330
833039623	Repetition	1678	1690
833039623	Repetition	1898	1910
833039623	Flag-Waving	2134	2198
833039623	Repetition	2571	2590
833039623	Repetition	4533	4544
833039623	Repetition	4565	4577
833039623	Loaded_Language	5412	5435
833039623	Repetition	5656	5674
833039623	Repetition	39	49
833039623	Repetition	51	69
833039623	Loaded_Language	194	215
833039623	Flag-Waving	229	291
833039623	Repetition	331	341
833039623	Exaggeration,Minimisation	342	381
833039623	Name_Calling,Labeling	777	803
833039623	Repetition	880	887
833039623	Repetition	1343	1357
833039623	Appeal_to_Authority	1163	1330
833039623	Loaded_Language	1429	1450
833039623	Repetition	1396	1411
833039623	Flag-Waving	1470	1544
833039623	Bandwagon,Reductio_ad_hitlerum	1598	1676
833039623	Exaggeration,Minimisation	1711	1759
833039623	Repetition	2189	2196
833039623	Repetition	2311	2321
833039623	Loaded_Language	2322	2344
833039623	Exaggeration,Minimisation	2409	2448
833039623	Repetition	2486	2498
833039623	Appeal_to_fear-prejudice	2399	2498
833039623	Repetition	2756	2770
833039623	Repetition	2817	2832
833039623	Thought-terminating_Cliches	2857	2888
833039623	Repetition	4116	4123
833039623	Thought-terminating_Cliches	4094	4123
833039623	Appeal_to_fear-prejudice	4127	4226
833039623	Exaggeration,Minimisation	4137	4176
833039623	Repetition	4214	4226
833039623	Loaded_Language	4228	4251
833039623	Thought-terminating_Cliches	4255	4284
833039623	Exaggeration,Minimisation	4430	4470
833039623	Loaded_Language	4523	4544
833039623	Loaded_Language	4601	4625
833039623	Loaded_Language	4672	4695
833039623	Thought-terminating_Cliches	4699	4728
833039623	Repetition	4939	4954
833039623	Appeal_to_Authority	5031	5218
833039623	Repetition	5224	5234
833039623	Exaggeration,Minimisation	5283	5322
833039623	Loaded_Language	5334	5356
833039623	Repetition	5364	5383
833039623	Loaded_Language	5412	5435
833039623	Flag-Waving	5456	5510
833039623	Repetition	5656	5674
833039623	Repetition	5717	5732
833039623	Loaded_Language	5829	5850
833039623	Flag-Waving	5864	5921
833039623	Exaggeration,Minimisation	6000	6039
833039623	Bandwagon,Reductio_ad_hitlerum	6050	6135
833040400	Appeal_to_Authority	1261	1538
833040400	Thought-terminating_Cliches	1613	1646
833040400	Exaggeration,Minimisation	1777	1822
833040400	Thought-terminating_Cliches	1824	1853
833041409	Flag-Waving	0	69
833041409	Bandwagon,Reductio_ad_hitlerum	145	237
833041409	Exaggeration,Minimisation	563	603
833041409	Name_Calling,Labeling	448	474
833041409	Repetition	495	507
833041409	Appeal_to_Authority	408	603
833041409	Bandwagon,Reductio_ad_hitlerum	622	717
833041409	Bandwagon,Reductio_ad_hitlerum	622	717
833041409	Loaded_Language	1821	1842
833041409	Repetition	1993	2011
833042063	Loaded_Language	30	53
833042063	Loaded_Language	131	154
833042063	Repetition	74	93
833042063	Repetition	618	636
833042063	Loaded_Language	809	832
833042063	Repetition	1013	1031
833042063	Loaded_Language	809	832
833042063	Thought-terminating_Cliches	1208	1241
833050243	Loaded_Language	2431	2453
833050243	Loaded_Language	3011	3033
833050243	Repetition	871	889
833050243	Exaggeration,Minimisation	1173	1224
833050243	Repetition	1599	1614
833050243	Causal_Oversimplification	1241	1363
833050243	Appeal_to_Authority	3742	3900
833052347	Repetition	3332	3352
833052347	Repetition	4780	4799
833052347	Name_Calling,Labeling	621	649
833052347	Exaggeration,Minimisation	1690	1734
833052347	Flag-Waving	2681	2749
833052347	Repetition	3705	3715
833052347	Thought-terminating_Cliches	747	776
833052347	Repetition	1239	1244
833052347	Repetition	1328	1344
833052347	Repetition	3132	3142
833052347	Repetition	3358	3375
833052347	Repetition	3411	3416
833052347	Exaggeration,Minimisation	429	467
833052347	Repetition	600	619
833052347	Repetition	651	670
833052347	Name_Calling,Labeling	837	864
833052347	Exaggeration,Minimisation	1690	1732
833052347	Exaggeration,Minimisation	2039	2077
833052347	Loaded_Language	2386	2409
833052347	Exaggeration,Minimisation	2384	2433
833052347	Flag-Waving	2435	2497
833052347	Repetition	2562	2574
833052347	Repetition	2898	2918
833052347	Repetition	3023	3037
833052347	Repetition	3042	3059
833052347	Thought-terminating_Cliches	3109	3142
833052347	Flag-Waving	3154	3220
833052347	Repetition	3297	3307
833052347	Repetition	3705	3715
833052347	Name_Calling,Labeling	3836	3862
833052347	Exaggeration,Minimisation	4261	4299
833052347	Flag-Waving	4849	4916
833052347	Repetition	5064	5081
833052347	Repetition	5217	5228
833053628	Appeal_to_Authority	8067	8203
833053628	Repetition	3721	3738
833053628	Appeal_to_Authority	5552	5698
833053628	Exaggeration,Minimisation	6699	6749
833053628	Exaggeration,Minimisation	8814	8861
833053628	Causal_Oversimplification	9005	9129
833053628	Repetition	486	493
833053628	Loaded_Language	1245	1266
833053628	Bandwagon,Reductio_ad_hitlerum	3293	3389
833053628	Name_Calling,Labeling	3501	3529
833053628	Appeal_to_Authority	4335	4532
833053628	Appeal_to_Authority	5257	5407
833053628	Loaded_Language	7182	7203
833053628	Name_Calling,Labeling	7334	7360
833053628	Repetition	8057	8064
833053628	Exaggeration,Minimisation	8161	8203
833053628	Repetition	8346	8362
833053628	Flag-Waving	8429	8500
833053676	Flag-Waving	436	493
833053676	Thought-terminating_Cliches	585	614
833067493	Appeal_to_fear-prejudice	708	805
833067493	Flag-Waving	200	268
833067493	Thought-terminating_Cliches	436	468
833067493	Repetition	853	862
833067493	Repetition	940	960
